[1.94668412e-03 3.89251544e-02 3.50184093e-02 4.71361023e-02
 1.07831705e-01 2.05568766e-01 3.48850108e-01 5.14073568e-01
 6.46719171e-01 7.94835846e-01 9.23828819e-01 1.06021883e+00
 1.22640725e+00 1.39071148e+00 1.58135218e+00 1.78134499e+00
 1.95389771e+00 2.14176905e+00 2.30717839e+00 2.46249413e+00
 2.62804613e+00 2.82553411e+00 3.00268725e+00 3.18066214e+00
 3.30346423e+00 3.42751495e+00 3.42980543e+00 3.47182411e+00
 3.48791934e+00 3.49900775e+00 3.50191869e+00 3.50639645e+00
 3.51152794e+00 3.52902486e+00 3.55417592e+00 3.57847562e+00
 3.60295732e+00 3.62887650e+00 3.66087641e+00 3.68407391e+00
 3.72805984e+00 3.63606699e+00 3.75373440e+00 3.77085155e+00
 3.76296124e+00 3.77363096e+00 3.78351417e+00 3.78735219e+00
 3.79859426e+00 3.81087306e+00 3.82729792e+00 3.86553793e+00
 3.86074553e+00 3.91327465e+00 3.93136313e+00 3.95453624e+00
 3.96768866e+00 3.97915963e+00 3.98582584e+00 3.99445763e+00
 3.99448434e+00 4.00593276e+00 3.99562227e+00 4.01563573e+00
 4.03091933e+00 3.97552275e+00 3.96109153e+00 3.96616207e+00
 3.98553767e+00 4.00534169e+00 4.07320155e+00 4.19022164e+00
 4.37421704e+00 4.57469536e+00 4.76155099e+00 4.93735951e+00
 5.12040011e+00 5.29206630e+00 5.47665182e+00 5.66346200e+00
 5.89477289e+00 6.06332441e+00 6.22016080e+00 6.28168962e+00] , [0.03022315 0.10193466 0.14491229 0.19377409 0.18660353 0.33538345
 0.4413456  0.55114432 0.67686707 0.82590417 0.94235195 1.09738625
 1.22899051 1.3793867  1.54231384 1.68552843 1.87636021 2.05142701
 2.22640417 2.38212991 2.55599827 2.72895072 2.85293344 3.04293094
 3.04438268 3.28721399 3.17636508 3.27809423 3.3390703  3.37378694
 3.38098017 3.42527621 3.40344365 3.45219164 3.48648931 3.4867917
 3.54891118 3.57099165 3.61205097 3.62395069 3.63406862 3.6309241
 3.63349379 3.65959992 3.68539035 3.70934369 3.73521192 3.75552042
 3.79056713 3.83549175 3.85668779 3.86007844 3.86013592 3.8610716
 3.86997019 3.91708744 3.98349889 3.99915316 4.02354971 4.06288593
 4.04598957 4.09466704 4.13042853 4.15272291 4.19283014 4.12720262
 4.15034818 4.16024415 4.21704687 4.19421899 4.18517858 4.40890026
 4.51262899 4.685598   4.84706558 5.01464978 5.20275731 5.36295692
 5.54261074 5.72590716 5.93157325 6.11724139 6.30474597 6.35220288]
[ 1.0222485   0.70217682  0.45108026  0.29762476  0.17091268  0.16939319
  0.22000648  0.25943668  0.24997155  0.26716249  0.19693784  0.13177096
  0.06746286  0.03416247 -0.00327679  0.00239084  0.05056643  0.08662134
  0.11835053  0.16283639  0.18628372  0.20766555  0.24274115  0.25741046
  0.33365162  0.34669763  0.53091272  0.68139874  0.80464795  0.89252502
  0.95691817  1.03696166  1.11292295  1.17022496  1.23767412  1.29176852
  1.34650327  1.40661112  1.4616919   1.53171759  1.57096619  1.75157385
  1.73140133  1.76409242  1.82052924  1.89829778  1.94663557  2.00687621
  2.0568981   2.07988111  2.13485213  2.22555148  2.20265985  2.22484762
  2.17452482  2.14446406  2.09557618  2.05474941  1.98649692  1.9419623
  1.88855104  1.83451674  1.71788419  1.59490297  1.440863    1.20328531
  1.00805165  0.85236675  0.64631782  0.46856996  0.32092991  0.26310826
  0.24603425  0.23244614  0.23292305  0.23001973  0.23758469  0.21884038
  0.23261793  0.22998302  0.215075    0.21783939  0.24090965  0.40500542] , [1.46866947 1.06654979 0.95600807 0.78373126 0.52672383 0.60002675
 0.55562099 0.63289105 0.5508183  0.62239009 0.47618829 0.47105069
 0.37085335 0.43823384 0.24192123 0.38817919 0.36351043 0.33398425
 0.35493819 0.44407245 0.42640994 0.46839268 0.6044063  0.47936695
 0.70750638 0.55226108 0.82348784 0.85272436 0.88346815 0.96653633
 1.0549989  1.12203866 1.22430313 1.25006164 1.30617483 1.39490078
 1.43696022 1.51405632 1.62032026 1.72890201 1.75237777 1.75679976
 1.75791844 1.77244208 1.84334269 1.96944845 2.05320283 2.1279081
 2.1740714  2.21298234 2.20992489 2.20876595 2.20275162 2.20666522
 2.21390133 2.23374747 2.2299555  2.17802872 2.13473196 2.12309268
 2.01381396 1.94847347 1.90083225 1.83037182 1.80566279 1.55474021
 1.38984333 1.18919143 1.08396809 0.81181342 0.53156102 0.63711271
 0.52114979 0.52500078 0.4944675  0.4852466  0.52651945 0.4625543
 0.49908523 0.49076238 0.46672042 0.53864432 0.41918874 0.77000569]
